1	10001	doc_id	1	2	0	0	0	4	2018-12-21 15:08:28	0	
5	10001	content	0	3	1	1	1	1	2018-12-21 15:10:28	0	
4	10001	title	0	2	1	1	0	2	2018-12-21 15:10:28	0	
3	10001	author	0	2	1	1	3	6	2018-12-21 15:10:28	1	
2	10001	weight	0	1	1	1	5	5	2018-12-21 15:09:04	0	
7	10001	longitude	0	5	1	1	0	0	2018-12-21 15:09:04	0	
8	10001	gis	0	1	1	0	0	8	2018-12-21 15:09:04	0	
9	10001	distance	0	8	1	0	0	0	2018-12-21 15:09:04	0	
10	10001	telephone	0	2	1	1	4	7	2019-11-22 10:16:56	1	
1	10064	doc_id	1	2	0	0	0	1	2021-03-26 16:22:47	0	
2	10064	source	0	1	0	1	0	2	2021-03-26 16:22:47	0	
3	10064	style	0	1	0	1	0	3	2021-03-26 16:22:47	0	
4	10064	sub_position	0	1	0	1	0	4	2021-03-26 16:22:47	0	
5	10064	private_status	0	1	0	1	0	5	2021-03-26 16:22:47	0	
6	10064	author_id	0	2	1	1	0	6	2021-03-26 16:22:47	2	
7	10064	status	0	1	0	1	0	7	2021-03-26 16:22:47	0	
8	10064	createtime	0	1	1	1	0	8	2021-03-26 16:22:47	0	
9	10064	title	0	2	1	1	1	10	2021-03-26 16:22:47	0	
10	10064	idx_author_sub_pos	0	11	0	0	0	9	2021-03-26 16:22:47	0	6,4
11	10064	idx_author_title	0	11	0	0	0	11	2021-03-26 16:22:47	0	6,10
86	10061	doc_id	1	1	0	0	0	0	2020-07-14 19:24:01	0	
87	10061	poi_name	0	2	1	1	1	1	2020-07-14 19:24:36	1	
88	10061	gd_c1_type	0	2	0	1	1	2	2020-07-14 19:24:36	0	
89	10061	gd_c2_type	0	2	0	1	1	3	2020-07-14 19:24:36	0	
90	10061	gd_c3_type	0	2	0	1	1	4	2020-07-14 19:24:36	0	
91	10061	gd_c1_typecode	0	2	0	1	1	5	2020-07-14 19:24:36	0	
92	10061	gd_c2_typecode	0	2	0	1	1	6	2020-07-14 19:24:36	0	
93	10061	gd_c3_typecode	0	2	0	1	1	7	2020-07-14 19:24:36	0	
96	10061	std_region	0	2	0	1	1	8	2020-07-14 19:24:36	0	
97	10061	std_regionid	0	2	0	1	1	9	2020-07-14 19:24:36	0	
98	10061	std_province	0	2	0	1	1	10	2020-07-14 19:24:37	0	
99	10061	std_provinceid	0	2	0	1	1	11	2020-07-14 19:24:37	0	
100	10061	std_city	0	2	0	1	1	12	2020-07-14 19:24:37	0	
101	10061	std_cityid	0	2	0	1	1	13	2020-07-14 19:24:37	0	
102	10061	std_district	0	2	0	1	1	14	2020-07-14 19:24:37	0	
103	10061	std_districtid	0	2	0	1	1	15	2020-07-14 19:24:37	0	
104	10061	std_town	0	2	0	1	1	16	2020-07-14 19:24:37	0	
105	10061	std_townid	0	2	0	1	1	17	2020-07-14 19:24:37	0	
106	10061	jd_region	0	2	0	1	1	18	2020-07-14 19:24:37	0	
107	10061	jd_regionid	0	2	0	1	1	19	2020-07-14 19:24:37	0	
108	10061	jd_province	0	2	0	1	1	20	2020-07-14 19:24:37	0	
109	10061	jd_provinceid	0	2	0	1	1	21	2020-07-14 19:24:37	0	
110	10061	jd_city	0	2	0	1	1	22	2020-07-14 19:24:37	0	
111	10061	jd_cityid	0	2	0	1	1	23	2020-07-14 19:24:37	0	
112	10061	jd_district	0	2	0	1	1	24	2020-07-14 19:24:37	0	
113	10061	jd_districtid	0	2	0	1	1	25	2020-07-14 19:24:37	0	
114	10061	address	0	2	1	1	1	26	2020-07-14 19:24:37	0	
116	10061	location	0	5	1	1	0	27	2020-07-14 19:24:38	2	
117	10061	jd_town	0	1	1	1	1	28	2020-07-14 19:24:38	0	
118	10061	jd_townid	0	1	1	1	1	29	2020-07-14 19:24:38	0	
119	10061	idx_gis_poi	0	11	0	0	0	30	2020-07-14 19:24:38	0	27,1
119	10010	doc_id	1	2	0	0	0	0	2021/4/13 15:49	0	
120	10010	birthPlace	0	3	1	1	1	1	2021/4/13 15:49	2	
121	10010	homeAddress	0	3	1	1	1	2	2021/4/13 15:49	2	
122	10010	dreamPlace	0	2	1	1	3	3	2021/4/14 15:49	2	
123	10010	gender	0	2	0	1	0	14	2021/4/15 15:49	2	
124	10010	name	0	2	1	1	4	4	2021/4/15 15:49	2	
125	10010	year	0	1	1	1	5	5	2021/4/16 15:49	2	
126	10010	height	0	9	1	1	0	6	2021/4/17 15:49	2	
127	10010	brithday	0	10	1	1	5	7	2021/4/18 15:49	2	
128	10010	ip	0	4	1	1	0	8	2021/4/19 15:49	2	
129	10010	currentLocation	0	5	1	1	0	9	2021/4/20 15:49	2	
130	10010	preLocation	0	5	1	1	0	10	2021/4/21 15:49	2	
131	10010	postLocation	0	5	1	1	0	11	2021/4/20 15:49	2	
132	10010	currentShape	0	14	1	1	0	12	2021/4/21 15:49	2	
133	10010	unionTest	0	11	0	0	0	13	2021/4/21 15:49	0	5,1,2	
